34 50
2 8 8
1 8

2 1 0 8 42 XOR
2 1 1 9 16 XOR
2 1 0 8 17 AND
2 1 16 17 43 XOR
2 1 2 10 18 XOR
2 1 1 9 19 AND
2 1 17 16 20 AND
2 1 19 20 21 XOR
2 1 18 21 44 XOR
2 1 3 11 22 XOR
2 1 2 10 23 AND
2 1 21 18 24 AND
2 1 23 24 25 XOR
2 1 22 25 45 XOR
2 1 4 12 26 XOR
2 1 3 11 27 AND
2 1 25 22 28 AND
2 1 27 28 29 XOR
2 1 26 29 46 XOR
2 1 5 13 30 XOR
2 1 4 12 31 AND
2 1 29 26 32 AND
2 1 31 32 33 XOR
2 1 30 33 47 XOR
2 1 6 14 34 XOR
2 1 5 13 35 AND
2 1 33 30 36 AND
2 1 35 36 37 XOR
2 1 34 37 48 XOR
2 1 7 15 38 XOR
2 1 6 14 39 AND
2 1 37 34 40 AND
2 1 39 40 41 XOR
2 1 38 41 49 XOR