74 106
16 16 16

2 1 0 16 90 XOR
2 1 1 17 32 XOR
2 1 0 16 33 AND
2 1 32 33 91 XOR
2 1 2 18 34 XOR
2 1 1 17 35 AND
2 1 33 32 36 AND
2 1 35 36 37 XOR
2 1 34 37 92 XOR
2 1 3 19 38 XOR
2 1 2 18 39 AND
2 1 37 34 40 AND
2 1 39 40 41 XOR
2 1 38 41 93 XOR
2 1 4 20 42 XOR
2 1 3 19 43 AND
2 1 41 38 44 AND
2 1 43 44 45 XOR
2 1 42 45 94 XOR
2 1 5 21 46 XOR
2 1 4 20 47 AND
2 1 45 42 48 AND
2 1 47 48 49 XOR
2 1 46 49 95 XOR
2 1 6 22 50 XOR
2 1 5 21 51 AND
2 1 49 46 52 AND
2 1 51 52 53 XOR
2 1 50 53 96 XOR
2 1 7 23 54 XOR
2 1 6 22 55 AND
2 1 53 50 56 AND
2 1 55 56 57 XOR
2 1 54 57 97 XOR
2 1 8 24 58 XOR
2 1 7 23 59 AND
2 1 57 54 60 AND
2 1 59 60 61 XOR
2 1 58 61 98 XOR
2 1 9 25 62 XOR
2 1 8 24 63 AND
2 1 61 58 64 AND
2 1 63 64 65 XOR
2 1 62 65 99 XOR
2 1 10 26 66 XOR
2 1 9 25 67 AND
2 1 65 62 68 AND
2 1 67 68 69 XOR
2 1 66 69 100 XOR
2 1 11 27 70 XOR
2 1 10 26 71 AND
2 1 69 66 72 AND
2 1 71 72 73 XOR
2 1 70 73 101 XOR
2 1 12 28 74 XOR
2 1 11 27 75 AND
2 1 73 70 76 AND
2 1 75 76 77 XOR
2 1 74 77 102 XOR
2 1 13 29 78 XOR
2 1 12 28 79 AND
2 1 77 74 80 AND
2 1 79 80 81 XOR
2 1 78 81 103 XOR
2 1 14 30 82 XOR
2 1 13 29 83 AND
2 1 81 78 84 AND
2 1 83 84 85 XOR
2 1 82 85 104 XOR
2 1 15 31 86 XOR
2 1 14 30 87 AND
2 1 85 82 88 AND
2 1 87 88 89 XOR
2 1 86 89 105 XOR