169 185
2 8 8
1 1

2 1 7 8 16 AND
2 1 6 9 17 AND
2 1 16 17 18 XOR
2 1 7 9 19 AND
2 1 6 10 20 AND
2 1 19 20 21 AND
2 1 7 10 22 AND
2 1 6 11 23 AND
2 1 22 23 24 AND
2 1 7 11 25 AND
2 1 6 12 26 AND
2 1 25 26 27 AND
2 1 7 12 28 AND
2 1 6 13 29 AND
2 1 28 29 30 AND
2 1 7 13 31 AND
2 1 6 14 32 AND
2 1 31 32 33 AND
2 1 7 14 34 AND
2 1 6 15 35 AND
2 1 34 35 36 AND
2 1 31 32 37 XOR
2 1 36 37 38 AND
2 1 33 38 39 OR
2 1 28 29 40 XOR
2 1 39 40 41 AND
2 1 30 41 42 OR
2 1 25 26 43 XOR
2 1 42 43 44 AND
2 1 27 44 45 OR
2 1 22 23 46 XOR
2 1 45 46 47 AND
2 1 24 47 48 OR
2 1 19 20 49 XOR
2 1 48 49 50 AND
2 1 21 50 51 OR
2 1 18 51 52 XOR
2 1 5 10 53 AND
2 1 4 11 54 AND
2 1 53 54 55 XOR
2 1 5 11 56 AND
2 1 4 12 57 AND
2 1 56 57 58 AND
2 1 5 12 59 AND
2 1 4 13 60 AND
2 1 59 60 61 AND
2 1 5 13 62 AND
2 1 4 14 63 AND
2 1 62 63 64 AND
2 1 5 14 65 AND
2 1 4 15 66 AND
2 1 65 66 67 AND
2 1 62 63 68 XOR
2 1 67 68 69 AND
2 1 64 69 70 OR
2 1 59 60 71 XOR
2 1 70 71 72 AND
2 1 61 72 73 OR
2 1 56 57 74 XOR
2 1 73 74 75 AND
2 1 58 75 76 OR
2 1 55 76 77 XOR
2 1 52 77 78 XOR
2 1 49 48 79 XOR
2 1 74 73 80 XOR
2 1 79 80 81 AND
2 1 46 45 82 XOR
2 1 71 70 83 XOR
2 1 82 83 84 AND
2 1 43 42 85 XOR
2 1 68 67 86 XOR
2 1 85 86 87 AND
2 1 40 39 88 XOR
2 1 65 66 89 XOR
2 1 88 89 90 AND
2 1 37 36 91 XOR
2 1 5 15 92 AND
2 1 91 92 93 AND
2 1 88 89 94 XOR
2 1 93 94 95 AND
2 1 90 95 96 OR
2 1 85 86 97 XOR
2 1 96 97 98 AND
2 1 87 98 99 OR
2 1 82 83 100 XOR
2 1 99 100 101 AND
2 1 84 101 102 OR
2 1 79 80 103 XOR
2 1 102 103 104 AND
2 1 81 104 105 OR
2 1 78 105 106 XOR
2 1 3 12 107 AND
2 1 2 13 108 AND
2 1 107 108 109 XOR
2 1 3 13 110 AND
2 1 2 14 111 AND
2 1 110 111 112 AND
2 1 3 14 113 AND
2 1 2 15 114 AND
2 1 113 114 115 AND
2 1 110 111 116 XOR
2 1 115 116 117 AND
2 1 112 117 118 OR
2 1 109 118 119 XOR
2 1 1 14 120 AND
2 1 0 15 121 AND
2 1 120 121 122 XOR
2 1 119 122 123 XOR
2 1 116 115 124 XOR
2 1 1 15 125 AND
2 1 124 125 126 AND
2 1 123 126 127 XOR
2 1 106 127 128 XOR
2 1 103 102 129 XOR
2 1 124 125 130 XOR
2 1 129 130 131 AND
2 1 100 99 132 XOR
2 1 113 114 133 XOR
2 1 132 133 134 AND
2 1 97 96 135 XOR
2 1 3 15 136 AND
2 1 135 136 137 AND
2 1 132 133 138 XOR
2 1 137 138 139 AND
2 1 134 139 140 OR
2 1 129 130 141 XOR
2 1 140 141 142 AND
2 1 131 142 143 OR
2 1 128 143 144 XOR
1 1 144 145 NOT
2 1 141 140 146 XOR
1 1 146 147 NOT
2 1 145 147 148 AND
1 1 146 149 NOT
1 1 149 150 NOT
2 1 150 145 151 AND
2 1 138 137 152 XOR
1 1 152 153 NOT
1 1 152 154 NOT
1 1 154 155 NOT
2 1 135 136 156 XOR
1 1 156 157 NOT
2 1 155 157 158 AND
2 1 153 158 159 OR
2 1 151 159 160 AND
2 1 148 160 161 OR
1 1 156 162 NOT
1 1 162 163 NOT
2 1 163 155 164 AND
2 1 164 151 165 AND
2 1 94 93 166 XOR
1 1 166 167 NOT
2 1 91 92 168 XOR
1 1 168 169 NOT
1 1 166 170 NOT
1 1 170 171 NOT
2 1 169 171 172 AND
2 1 34 35 173 XOR
1 1 173 174 NOT
1 1 173 175 NOT
1 1 175 176 NOT
2 1 7 15 177 AND
1 1 177 178 NOT
2 1 176 178 179 AND
2 1 174 179 180 OR
2 1 172 180 181 AND
2 1 167 181 182 OR
2 1 165 182 183 AND
2 1 161 183 184 OR
