95 155
2 30 30
1 1

2 1 29 59 60 XOR
2 1 60 60 61 AND
2 1 61 29 62 AND
2 1 27 57 63 AND
2 1 26 56 64 AND
2 1 63 64 65 OR
2 1 25 55 66 AND
2 1 65 66 67 OR
2 1 24 54 68 AND
2 1 67 68 69 OR
2 1 62 69 70 AND
2 1 23 53 71 AND
2 1 22 52 72 AND
2 1 71 72 73 OR
2 1 21 51 74 AND
2 1 73 74 75 OR
2 1 20 50 76 AND
2 1 75 76 77 OR
2 1 19 49 78 AND
2 1 77 78 79 OR
2 1 18 48 80 AND
2 1 79 80 81 OR
2 1 17 47 82 AND
2 1 81 82 83 OR
2 1 16 46 84 AND
2 1 83 84 85 OR
2 1 70 85 86 AND
1 1 30 87 NOT
2 1 87 0 88 AND
2 1 30 0 89 XOR
1 1 89 90 NOT
1 1 31 91 NOT
2 1 91 1 92 AND
2 1 90 92 93 AND
2 1 88 93 94 OR
2 1 31 1 95 XOR
1 1 95 96 NOT
2 1 96 90 97 AND
1 1 32 98 NOT
2 1 98 2 99 AND
2 1 32 2 100 XOR
1 1 100 101 NOT
1 1 33 102 NOT
2 1 102 3 103 AND
2 1 101 103 104 AND
2 1 99 104 105 OR
2 1 97 105 106 AND
2 1 94 106 107 OR
2 1 33 3 108 XOR
1 1 108 109 NOT
2 1 109 101 110 AND
2 1 110 97 111 AND
1 1 34 112 NOT
2 1 112 4 113 AND
2 1 34 4 114 XOR
1 1 114 115 NOT
1 1 35 116 NOT
2 1 116 5 117 AND
2 1 115 117 118 AND
2 1 113 118 119 OR
2 1 35 5 120 XOR
1 1 120 121 NOT
2 1 121 115 122 AND
1 1 36 123 NOT
2 1 123 6 124 AND
2 1 36 6 125 XOR
1 1 125 126 NOT
1 1 37 127 NOT
2 1 127 7 128 AND
2 1 126 128 129 AND
2 1 124 129 130 OR
2 1 122 130 131 AND
2 1 119 131 132 OR
2 1 111 132 133 AND
2 1 107 133 134 OR
2 1 86 134 135 AND
2 1 15 45 136 AND
2 1 14 44 137 AND
2 1 136 137 138 OR
2 1 13 43 139 AND
2 1 138 139 140 OR
2 1 12 42 141 AND
2 1 140 141 142 OR
2 1 135 142 143 AND
2 1 11 41 144 AND
2 1 10 40 145 AND
2 1 144 145 146 OR
2 1 9 39 147 AND
2 1 146 147 148 OR
2 1 8 38 149 AND
2 1 148 149 150 OR
2 1 143 150 151 AND
1 1 28 152 NOT
2 1 152 58 153 OR
2 1 151 153 154 AND
